WBDC accession	Longitude	Latitude
WBDC 016	48.85	32
WBDC 020	40.03	36.85
WBDC 028	34.93	31.95
WBDC 032	35.13	33
WBDC 035	34.59	31.43
WBDC 042	35.53	32.97
WBDC 061	36.58	36.16
WBDC 082	35.78	32.27
WBDC 092	36.27	32.12
WBDC 103	35.47	30.2
WBDC 115	55.87	38.33
WBDC 142	36.08	34.02
WBDC 150	47.2	38.5
WBDC 172	48.48	34.1
WBDC 173	48.48	34.1
WBDC 182	36.72	32.3
WBDC 227	48.47	38.8
WBDC 234	33.88	35.15
WBDC 255	35.67	32.35
WBDC 292	35.02	31.8
WBDC 302	35.88	33.37
WBDC 336	56.68	38.42
WBDC 340	37.33	37.25
WBDC 348	35	32.44
WBDC 350	35.3	32.29
